9666832284
9848051152
9347023538
9848834989
9959688861
9441391190
9491517141
9491823463
9553327771
9441692739
9949630305
9666506099
9966887738
9000041195
9542750891
9949312543
9866366676
9949794797
7382182820
7702563899
9100212043
9100212042
9618776999
9440240530
9440976619
9912520723
9492226738
9989823415
9866103460
9849052452
8985105844
9990832892
8106253974
9247222778
9440111470
9581657590
9704334888
9963896986
9866850201
8008643803
9912999146
9492532675
9849075299
9491662251
9701718985
9849377825
9989689470
9848075366
9010845847
8500182899
9908948360
9490236533
9640009346
8179347847
9493479585
9441448630
9949466778
9848665296
9493824560
9491557956
9491012746
8297814880
8333947847
9704260234
9494655785
9866361411
9533366379
9505888457
9948368687
9666200642
9949263218
9912225679
9440786023
9866146631
9502008826
9010648668
9866208150
8897589158
9951752864
8985071156
9553137237
7382567436
9959302290
9912920588
9704196789
9010611451
8885771466
9493106914
9440079460
9963033793
9705355716
9703598010
9573523795
9010827696
9493050794
9491968368
7842303801
9652202329
9494491733
7731879996
7032879309
8143758199
9951422248
9652544119
9177216655
9100212059
9848545679
9949056525
9885911212
9949072448
9493237923
9849776869
9866955559
9396788712
9441561919
9701457174
9866824832
9603317255
8499990418
9490111135
9885204629
9848422432
9848570522
9951494747
9966735805
9440118008
9494226462
9440535631
9441414651
9491723439
9490145567
9440797696
9948222144
9989644448
9951733567
9866278797
7382212829
9441662699
9493007894
9491539003
8096191053
9885840869
8985948587
9494136363
9160444150
9701736591
9290438608
9032825483
9441598334
9010244111
9493852451
9247982822
8985035146
8985829056
8500157237
9505330239
8897571728
9492752176
9247479523
9581266509
9394822244
8500570716
9848753011
9502244577
7660810777
9177522143
7569508112
9849746741
9441171542
8897983939
9985101401
9440846566
9985457554
9490895507
8501876887
9000912477
9493490559
9032390251
9133409326
7036864885
9848064237
9494227496
9441170567
9490379598
8790820234
9491022091
9866173005
9989262655
9985861517
9912712815
9393844999
9885877781
9030999625
9642616617
9494334777
9866364837
9491970437
9550999464
9959682217
9866544678
9951319221
9985866686
9440669164
9542918778
9291288821
9440592644
9440106791
9505018999
9394747838
9618252445
9440314900
9951268887
8106749820
9951444611
9949012622
9959123344
9989110494
7382651834
9866889943
9704600808
9502454654
9951992945
9492566721
7382112822
9550571420
9491966825
9704430820
9573700316
9247856506
9440869421
9494703946
9949470637
8978474999
9866286320
9550269869
9705331933
9440637137
9052576677
9440106791
9440535631
9949630305
9491533366
9849052452
8985599959
9966633459
9949389257
9949785881
9963061716
8977171321
8099947920
9492975302
7382988119
9949068846
9951854945
9490775274
9908898696
9291573246
9000112339
9963033258