9912484929
9502801351
9440381018
8333030442
9494898216
9652906126
9949069329
7675973575
9603612612
9492355005
8185863006
8096051019
9603798439
9010774909
9490070706
9492633344
9515435229
8500777398
9493274534
9908696581
9177663737
9293722333
9177351313
9493477527
9492635666
8801745888
9494434070
8897811999
9573845555
8886385838
7675928078
9493615439
9676941869
9666187768
9848132919
8688898428
8464933242
9989997349
9494146749
not given
8333820411
7660936260
9494541484
8978431778
9490734166
9494408228
9494456763
7032964954
9573733698
7893313449
8332804446
9490687529
9553800491
9666708257
8897677948
9491015310
7799513788
7036772997
9133061863
9542166436
9989498493
8500617120
8985723442
9553477499
9100761672
9491113548
9951330184
9494706224