801
301
328
309
311
3001
313
316
318
320
321
324
329
3002
3003
3005
3004
3006
300002
300003
300004
3007
331
330
702
705
749
706
740
747
713
748
751
709
708
712
716
717
718
719
726
730
731
732
733
739
742
247
750
753
7006
7003
7004
7002
101
102
104
109
111
114
119
125
126
128
130
131
132
129
133
1001
1007
1011
502
504
505
507
509
513
530
531
532
533
535
538
539
540
541
542
543
577
545
546
549
550
558
561
562
563
564
565
567
569
571
572
573
575
575
576
601
603
604
605
606
1212
1233
5001
5007
5008
5012
5013
5014
6004
402
403
404
405
406
408
409
411
412
413
415
428
430
431
433
437
438
440
449
451
452
456
457
458
460
461
463
465
466
467
468
469
471
472
473
474
4001
4002
4004
4006
7002
475
213
202
203
237
204
206
207
211
217
219
222
224
227
229
231
232
234
235
236
238
249
246
239
240
241
242
243
244
2001
2003
2004
2007
2008
-
1201
1229
1205
1202
1203
1204
1207
1208
1215
1210
1218
1219
1221
1223
1224
1225
1226
1227
1230
1231
1232
1234
1235
12002
12003
12005
12011
120012
12013
1236
901
918
903
909
911
912
919
920
921
1204
409
320
440
747
10001
10002
10003
10009
10007
10012
10013
10004
10014
8003
8002
8005
8006
1010
8008
80012